8
512
0
100
101
102
103
116
117
118
0
104
105
106
107
120
121
122
0
108
109
110
111
124
125
126
0
115
119
123
127
77
78
79
0
96
97
98
99
112
113
114
0
100
101
102
103
116
117
118
0
104
105
106
107
120
121
122
0
108
109
110
111
124
125
126
0
115
119
123
127
77
78
79
0
96
97
98
99
112
113
114
0
100
101
102
103
116
117
118
0
104
105
106
107
120
121
122
0
108
109
110
111
124
125
126
0
115
119
123
127
77
78
79
0
96
97
98
99
112
113
114
0
100
101
102
103
116
117
118
0
104
105
106
107
120
121
122
0
108
109
110
111
124
125
126
0
115
119
123
127
77
78
79
0
96
97
98
99
112
113
114
0
100
101
102
103
116
117
118
0
104
105
106
107
120
121
122
0
108
109
110
111
124
125
126
0
115
119
123
127
77
78
79
0
96
97
98
99
112
113
114
0
100
101
102
103
116
117
118
0
104
105
106
107
120
121
122
0
108
109
110
111
124
125
126
0
115
119
123
127
77
78
79
0
96
97
98
99
112
113
114
0
100
101
102
103
116
117
118
0
104
105
106
107
120
121
122
0
108
109
110
111
124
125
126
0
115
119
123
127
77
78
79
0
96
97
98
99
112
113
114
0
100
101
102
103
116
117
118
0
104
105
106
107
120
121
122
0
108
109
110
111
124
125
126
0
115
119
123
127
77
78
79
0
96
97
98
99
112
113
114
0
100
101
102
103
116
117
118
0
104
105
106
107
120
121
122
0
108
109
110
111
124
125
126
0
115
119
123
127
77
78
79
0
96
97
98
99
112
113
114
0
100
101
102
103
116
117
118
0
104
105
106
107
120
121
122
0
108
109
110
111
124
125
126
0
115
119
123
127
77
78
79
0
100
101
102
103
116
117
118
0
104
105
106
107
120
121
122
0
108
109
110
111
124
125
126
0
115
119
123
127
77
78
79
0
115
119
123
127
77
78
79
0
96
97
98
99
112
113
114
0
100
101
102
103
116
117
118
0
104
105
106
107
120
121
122
0
108
109
110
111
124
125
126
0
115
119
123
127
77
78
79
0
96
97
98
99
112
113
114
0
100
101
102
103
116
117
118
0
104
105
106
107
120
121
122
0
108
109
110
111
124
125
126
0
115
119
123
127
77
78
79
0
96
97
98
99
112
113
114
0
100
101
102
103
116
117
118
0
104
105
106
107
120
121
122
0
108
109
110
111
124
125
126
0
115
119
123
127
77
78
79
0
96
97
98
99
112
113
114
0
100
101
102
103
116
117
118
0
104
105
106
107
120
121
122
0
108
109
110
111
124
125
126
0
115
119
123
127
77
78
79
0
96
97
98
99
112
113
114
0
100
101
102
103
116
117
118
0
104
105
106
107
120
121
122
0
108
109
110
111
124
125
126
0
115
119
123
127
77
78
79
0
96
97
98
99
112
113
114
0
100
101
102
103
116
117
118
0
104
105
106
107
120
121
122
0
108
109
110
111
124
125
126
0
115
119
123
127
77
78
79
0
96
97
98
99
112
113
114
0
100
101
102
103
116
117
118
0
104
105
106
107
120
121
122
0
108
109
110
111
124
125
126
0
115
119
123
127
77
78
79
0
96
97
98
99
112
113
114
0
100
101
102
103
116
117
118
0
104
105
106
107
120
121
122
0
108
109
110
111
124
125
126
0
115
119
123
127
77
78
79
0
96
97
98
99
112
113
114
0
100
101
102
103
116
117
118
0
104
105
106
107
120
121
122
0
108
109
110
111
124
125
126
0
115
119
123
127
77
78
79
0
96
97
98
99
112
113
114
0
100
101
102
103
116
117
118
0
104
105
106
107
120
121
122
0
108
109
110
111
124
125
126
0
115
119
123
127
77
78
79
0
96
97
98
99
112
113
114
0
100
101
102
103
116
117
118
0
104
105
106
107
120
121
122
0
108
109
110
111
124
125
126
0
115
119
123
127
77
78
79
0
96
97
98
99
112
113
114
0
100
101
102
103
116
117
118
0
104
105
106
107
120
121
122
0
108
109
110
111
124
125
126
0
115
119
123
127
77
78
79
0
96
97
98
99
112
113
114
0
100
101
102
103
116
117
118
0
104
105
106
107
120
121
122
0
108
109
110
111
124
125
126
0
115
119
123
127
77
78
79
0
96
97
98
99
112
113
114
0
100
101
102
103
116
117
118
0
104
105
106
107
120
121
122
0
108
109
110
111
124
125
126
0
115
119
123
127
77
78
79
0
96
97
98
99
112
113
114
0
100
101
102
103
116
117
118
0
104
105
106
107
120
121
122
0
108
109
110
111
124
125
126
0
115
119
123
127
77
78
79
0
96
97
98
99
112
113
114
0
100
101
102
103
116
117
118
0
104
105
106
107
120
121
122
0
108
109
110
111
124
125
126
0
115
119
123
127
77
78
79
0
96
97
98
99
112
113
114
0
100
101
102
103
116
117
118
0
104
105
106
107
120
121
122
0
108
109
110
111
124
125
126
0
115
119
123
127
77
78
79
0
96
97
98
99
112
113
114
0
100
101
102
103
116
117
118
0
104
105
106
107
120
121
122
0
108
109
110
111
124
125
126
0
115
119
123
127
77
78
79
0
96
97
98
99
112
113
114
0
100
101
102
103
116
117
118
0
104
105
106
107
120
121
122
0
108
109
110
111
124
125
126
0
115
119
123
127
77
78
79
0
96
97
98
99
112
113
114
0
100
101
102
103
116
117
118
0
104
105
106
107
120
121
122
0
108
109
110
111
124
125
126
0
115
119
123
127
77
78
79
0
96
97
98
99
112
113
114
0
100
101
102
103
116
117
118
0
104
105
106
107
120
121
122
0
108
109
110
111
124
125
126
0
115
119
123
127
77
78
79
0
96
97
98
99
112
113
114
0
100
101
102
103
116
117
118
0
104
105
106
107
120
121
122
0
108
109
110
111
124
125
126
0
115
119
123
127
77
78
79
0
96
97
98
99
112
113
114
0
100
101
102
103
116
117
118
0
104
105
106
107
120
121
122
0
108
109
110
111
124
125
126
0
115
119
123
127
77
78
79
0
96
97
98
99
112
113
114
0
100
101
102
103
116
117
118
0
104
105
106
107
120
121
122
0
108
109
110
111
124
125
126
0
115
119
123
127
77
78
79
0
96
97
98
99
112
113
114
0
100
101
102
103
116
117
118
0
104
105
106
107
120
121
122
0
108
109
110
111
124
125
126
0
115
119
123
127
77
78
79
0
100
101
102
103
116
117
118
0
104
105
106
107
120
121
122
0
108
109
110
111
124
125
126
0
115
119
123
127
77
78
79
0
115
119
123
127
77
78
79
0
96
97
98
99
112
113
114
0
100
101
102
103
116
117
118
0
104
105
106
107
120
121
122
0
108
109
110
111
124
125
126
0
115
119
123
127
77
78
79
0
96
97
98
99
112
113
114
0
100
101
102
103
116
117
118
0
104
105
106
107
120
121
122
0
108
109
110
111
124
125
126
0
115
119
123
127
77
78
79
0
96
97
98
99
112
113
114
0
100
101
102
103
116
117
118
0
104
105
106
107
120
121
122
0
108
109
110
111
124
125
126
0
115
119
123
127
77
78
79
0
96
97
98
99
112
113
114
0
100
101
102
103
116
117
118
0
104
105
106
107
120
121
122
0
108
109
110
111
124
125
126
0
115
119
123
127
77
78
79
0
96
97
98
99
112
113
114
0
100
101
102
103
116
117
118
0
104
105
106
107
120
121
122
0
108
109
110
111
124
125
126
0
115
119
123
127
77
78
79
0
100
101
102
103
116
117
118
0
104
105
106
107
120
121
122
0
108
109
110
111
124
125
126
0
115
119
123
127
77
78
79
0
115
119
123
127
77
78
79
0
96
97
98
99
112
113
114
0
100
101
102
103
116
117
118
0
104
105
106
107
120
121
122
0
108
109
110
111
124
125
126
0
115
119
123
127
77
78
79
0
100
101
102
103
116
117
118
0
104
105
106
107
120
121
122
0
108
109
110
111
124
125
126
0
115
119
123
127
77
78
79
0
115
119
123
127
77
78
79
0
96
97
98
99
112
113
114
0
100
101
102
103
116
117
118
0
104
105
106
107
120
121
122
0
108
109
110
111
124
125
126
0
115
119
123
127
77
78
79
0
100
101
102
103
116
117
118
0
104
105
106
107
120
121
122
0
108
109
110
111
124
125
126
0
115
119
123
127
77
78
79
0
115
119
123
127
77
78
79
0
96
97
98
99
112
113
114
0
100
101
102
103
116
117
118
0
104
105
106
107
120
121
122
0
108
109
110
111
124
125
126
0
115
119
123
127
77
78
79
0
96
97
98
99
112
113
114
0
100
101
102
103
116
117
118
0
104
105
106
107
120
121
122
0
108
109
110
111
124
125
126
0
115
119
123
127
77
78
79
0
96
97
98
99
112
113
114
0
100
101
102
103
116
117
118
0
104
105
106
107
120
121
122
0
108
109
110
111
124
125
126
0
115
119
123
127
77
78
79
0
96
97
98
99
112
113
114
0
100
101
102
103
116
117
118
0
104
105
106
107
120
121
122
0
108
109
110
111
124
125
126
0
115
119
123
127
77
78
79
0
96
97
98
99
112
113
114
0
100
101
102
103
116
117
118
0
104
105
106
107
120
121
122
0
108
109
110
111
124
125
126
0
115
119
123
127
77
78
79
0
96
97
98
99
112
113
114
0
100
101
102
103
116
117
118
0
104
105
106
107
120
121
122
0
108
109
110
111
124
125
126
0
115
119
123
127
77
78
79
0
96
97
98
99
112
113
114
0
100
101
102
103
116
117
118
0
104
105
106
107
120
121
122
0
108
109
110
111
124
125
126
0
115
119
123
127
77
78
79
0
96
97
98
99
112
113
114
0
100
101
102
103
116
117
118
0
104
105
106
107
120
121
122
0
108
109
110
111
124
125
126
0
115
119
123
127
77
78
79
0
96
97
98
99
112
113
114
0
100
101
102
103
116
117
118
0
104
105
106
107
120
121
122
0
108
109
110
111
124
125
126
0
115
119
123
127
77
78
79
0
96
97
98
99
112
113
114
0
100
101
102
103
116
117
118
0
104
105
106
107
120
121
122
0
108
109
110
111
124
125
126
0
115
119
123
127
77
78
79
0
96
97
98
99
112
113
114
0
100
101
102
103
116
117
118
0
104
105
106
107
120
121
122
0
108
109
110
111
124
125
126
0
115
119
123
127
77
78
79
0
96
97
98
99
112
113
114
0
100
101
102
103
116
117
118
0
104
105
106
107
120
121
122
0
108
109
110
111
124
125
126
0
115
119
123
127
77
78
79
0
100
101
102
103
116
117
118
0
104
105
106
107
120
121
122
0
108
109
110
111
124
125
126
0
115
119
123
127
77
78
79
0
115
119
123
127
77
78
79
0
96
97
98
99
112
113
114
0
100
101
102
103
116
117
118
0
104
105
106
107
120
121
122
0
108
109
110
111
124
125
126
0
115
119
123
127
77
78
79
0
96
97
98
99
112
113
114
0
100
101
102
103
116
117
118
0
104
105
106
107
120
121
122
0
108
109
110
111
124
125
126
0
115
119
123
127
77
78
79
0
96
97
98
99
112
113
114
0
100
101
102
103
116
117
118
0
104
105
106
107
120
121
122
0
108
109
110
111
124
125
126
0
115
119
123
127
77
78
79
0
100
101
102
103
116
117
118
0
104
105
106
107
120
121
122
0
108
109
110
111
124
125
126
0
115
119
123
127
77
78
79
0
115
119
123
127
77
78
79
0
96
97
98
99
112
113
114
0
100
101
102
103
116
117
118
0
104
105
106
107
120
121
122
0
108
109
110
111
124
125
126
0
115
119
123
127
77
78
79
0
96
97
98
99
112
113
114
0
100
101
102
103
116
117
118
0
104
105
106
107
120
121
122
0
108
109
110
111
124
125
126
0
115
119
123
127
77
78
79
0
96
97
98
99
112
113
114
0
100
101
102
103
116
117
118
0
104
105
106
107
120
121
122
0
108
109
110
111
124
125
126
0
115
119
123
127
77
78
79
0
100
101
102
103
116
117
118
0
104
105
106
107
120
121
122
0
108
109
110
111
124
125
126
0
115
119
123
127
77
78
79
0
115
119
123
127
77
78
79
0
96
97
98
99
112
113
114
0
100
101
102
103
116
117
118
0
104
105
106
107
120
121
122
0
108
109
110
111
124
125
126
0
115
119
123
127
77
78
79
0
96
97
98
99
112
113
114
0
100
101
102
103
116
117
118
0
104
105
106
107
120
121
122
0
108
109
110
111
124
125
126
0
115
119
123
127
77
78
79
0
96
97
98
99
112
113
114
0
100
101
102
103
116
117
118
0
104
105
106
107
120
121
122
0
108
109
110
111
124
125
126
0
115
119
123
127
77
78
79
0
96
97
98
99
112
113
114
0
100
101
102
103
116
117
118
0
104
105
106
107
120
121
122
0
108
109
110
111
124
125
126
0
115
119
123
127
77
78
79
0
96
97
98
99
112
113
114
0
100
101
102
103
116
117
118
0
104
105
106
107
120
121
122
0
108
109
110
111
124
125
126
0
115
119
123
127
77
78
79
0
96
97
98
99
112
113
114
0
100
101
102
103
116
117
118
0
104
105
106
107
120
121
122
0
108
109
110
111
124
125
126
0
115
119
123
127
77
78
79
0
96
97
98
99
112
113
114
0
100
101
102
103
116
117
118
0
104
105
106
107
120
121
122
0
108
109
110
111
124
125
126
0
115
119
123
127
77
78
79
0
96
97
98
99
112
113
114
0
100
101
102
103
116
117
118
0
104
105
106
107
120
121
122
0
108
109
110
111
124
125
126
0
115
119
123
127
77
78
79
0
96
97
98
99
112
113
114
0
100
101
102
103
116
117
118
0
104
105
106
107
120
121
122
0
108
109
110
111
124
125
126
0
115
119
123
127
77
78
79
0
96
97
98
99
112
113
114
0
100
101
102
103
116
117
118
0
104
105
106
107
120
121
122
0
108
109
110
111
124
125
126
0
115
119
123
127
77
78
79
0
96
97
98
99
112
113
114
0
100
101
102
103
116
117
118
0
104
105
106
107
120
121
122
0
108
109
110
111
124
125
126
0
115
119
123
127
77
78
79
0
96
97
98
99
112
113
114
0
100
101
102
103
116
117
118
0
104
105
106
107
120
121
122
0
108
109
110
111
124
125
126
0
115
119
123
127
77
78
79
0
96
97
98
99
112
113
114
0
100
101
102
103
116
117
118
0
104
105
106
107
120
121
122
0
108
109
110
111
124
125
126
0
115
119
123
127
77
78
79
0
96
97
98
99
112
113
114
0
100
101
102
103
116
117
118
0
104
105
106
107
120
121
122
0
108
109
110
111
124
125
126
0
115
119
123
127
77
78
79
0
96
97
98
99
112
113
114
0
64
65
66
67
80
81
82
0
68
69
70
71
84
85
86
0
72
73
74
75
88
89
90
77
0
0
0
27
0
93
94
77
0
0
0
27
0
0
0
77
51
0
0
27
0
0
0
77
55
0
0
27
0
32
33
77
59
0
28
27
0
36
37
77
63
0
0
27
0
40
41
77
5
6
0
27
6
44
45
77
13
14
28
27
14
49
50
77
33
34
1
27
0
53
54
77
37
38
28
27
56
57
58
77
41
42
43
27
60
61
62
77
45
46
47
27
0
52
15
77
6
39
0
23
25
26
7
77
14
0
15
0
29
30
25
77
0
0
0
0
0
0
29
77
4
5
6
0
0
0
1
77
8
9
10
0
1
2
3
77
12
13
14
0
0
0
0
77
0
0
4
5
5
6
0
77
0
0
8
9
9
10
0
77
5
6
0
11
11
14
4
77
9
10
0
0
0
0
8
77
13
14
1
2
3
7
12
77
0
4
5
6
1
2
3
77
6
12
13
14
0
1
2
77
10
0
1
2
3
7
4
77
14
0
4
5
6
6
7
77
0
0
8
9
10
15
4
77
25
26
12
13
14
0
8
77
29
30
31
15
0
0
12
77
0
0
23
31
4
5
6
77
0
0
28
27
8
9
10
77
3
0
28
27
12
13
14
77
0
0
28
27
0
0
0
77
6
0
28
27
4
5
15
77
10
0
28
27
12
13
6
77
14
0
28
27
0
0
8
77
0
0
0
23
31
0
12
77
25
26
0
0
27
0
0
77
29
30
31
0
27
7
0
77
51
14
27
28
27
32
33
77
55
28
27
28
27
36
37
77
59
28
27
28
27
40
41
77
63
14
27
28
27
44
45
77
0
28
27
12
23
25
26
77
5
28
27
6
0
29
30
77
9
14
27
7
1
2
3
77
13
14
27
15
49
50
51
77
6
28
27
12
53
54
55
77
10
28
27
56
57
58
59
77
14
14
27
60
61
62
63
77
0
28
27
0
52
0
0
77
0
6
23
25
26
0
0
77
2
3
0
29
30
25
26
77
0
0
0
0
0
29
30
77
7
0
4
5
5
5
6
77
0
0
8
9
9
9
10
77
25
26
12
13
11
13
14
77
29
30
31
0
0
0
0
77
0
0
27
0
1
2
2
77
6
0
23
25
26
6
7
77
5
6
0
29
30
25
26
77
9
10
0
0
0
29
30
77
13
14
1
2
3
17
18
77
14
0
0
17
18
21
22
77
0
0
20
21
22
0
0
77
0
0
24
16
4
5
6
77
7
15
24
16
8
9
10
77
17
18
19
14
12
13
14
77
21
22
0
0
0
0
0
77
0
0
0
0
0
0
0
77
5
10
0
0
0
0
0
77
9
3
0
0
0
0
0
77
9
10
0
4
5
7
0
77
13
14
0
1
13
15
0
77
2
2
2
2
3
0
0
77
5
12
14
1
0
0
1
77
9
10
4
5
0
0
0
77
13
14
8
9
5
0
0
77
0
0
8
9
9
10
0
77
0
0
12
13
13
14
0
77
2
3
0
0
0
0
0
77
0
0
15
14
12
14
0
77
5
6
0
0
0
0
15
77
9
10
0
0
0
0
0
77
13
0
0
0
0
0
0
77
0
0
1
2
3
0
0
77
0
0
0
0
0
0
0
77
0
0
0
0
0
0
15
77
0
0
0
0
0
0
0
77
0
0
0
0
0
0
0
77
0
0
0
0
0
0
0
77
6
0
0
0
0
0
0
77
0
0
0
6
0
0
0
77
0
0
0
0
0
0
0
77
7
0
0
0
0
0
0
77
0
0
0
0
7
0
0
77
7
14
0
0
0
0
0
77
0
0
0
0
0
0
0
